1 0.91015625 0.36875 0.05625 0.084375
1 0.934375 0.453125 0.0609375 0.0875
1 0.9546875 0.5359375 0.0609375 0.0921875
1 0.9734375 0.63828125 0.053125 0.0953125
1 0.115625 0.7515625 0.034375 0.0875
1 0.0515625 0.4609375 0.0578125 0.0765625
0 0.0546875 0.61640625 0.05625 0.08125
0 0.0515625 0.4984375 0.0484375 0.065625
1 0.05390625 0.55234375 0.059375 0.08125
0 0.1078125 0.75625 0.0296875 0.0796875
0 0.978125 0.61171875 0.04375 0.0734375
0 0.96328125 0.528125 0.0515625 0.0765625
0 0.9421875 0.43984375 0.0484375 0.075
0 0.925 0.359375 0.0453125 0.0671875