1 0.92421875 0.42734375 0.04609375 0.078125
1 0.93671875 0.5140625 0.05078125 0.08046875
1 0.9453125 0.59921875 0.05 0.08671875
1 0.9546875 0.7046875 0.05234375 0.08828125
1 0.084375 0.6953125 0.0234375 0.08515625
1 0.0609375 0.39921875 0.0484375 0.07109375
0 0.04296875 0.553125 0.046875 0.07578125
0 0.05625 0.4359375 0.040625 0.06015625
1 0.05078125 0.48984375 0.05 0.07578125
0 0.07578125 0.69921875 0.01953125 0.07734375
0 0.96171875 0.67734375 0.04296875 0.06875
0 0.9546875 0.5921875 0.0421875 0.071875
0 0.94609375 0.5015625 0.0390625 0.06953125
0 0.940625 0.41953125 0.03671875 0.0625