1 0.08359375 0.390625 0.053125 0.08125
1 0.0640625 0.47578125 0.0578125 0.084375
1 0.04765625 0.56015625 0.0578125 0.090625
1 0.02890625 0.66328125 0.0578125 0.0921875
1 0.896875 0.73046875 0.03125 0.0875
1 0.94609375 0.4375 0.0546875 0.075
0 0.95078125 0.59296875 0.053125 0.0796875
0 0.94765625 0.475 0.0453125 0.0640625
1 0.9484375 0.52890625 0.05625 0.0796875
0 0.90546875 0.73515625 0.0265625 0.078125
0 0.02421875 0.63671875 0.0484375 0.071875
0 0.0390625 0.55234375 0.0484375 0.075
0 0.05546875 0.4625 0.0453125 0.0734375
0 0.06796875 0.38125 0.0421875 0.065625