1 0.04765625 0.56484375 0.04921875 0.07578125
0 0.0484375 0.5234375 0.04140625 0.0515625
1 0.034375 0.64453125 0.0484375 0.0890625
1 0.08046875 0.8015625 0.02578125 0.08984375
0 0.06875 0.79765625 0.01796875 0.0828125
1 0.934375 0.47890625 0.04765625 0.0796875
1 0.93359375 0.56953125 0.04765625 0.08125
0 0.94609375 0.55546875 0.03671875 0.06640625
1 0.95703125 0.6703125 0.05 0.0796875
0 0.9546875 0.63671875 0.04296875 0.05234375
0 0.96484375 0.73125 0.04453125 0.05859375
1 0.96640625 0.78515625 0.05078125 0.08359375