1 0.93359375 0.475 0.05 0.08828125
1 0.04609375 0.56484375 0.0515625 0.08203125
0 0.0484375 0.5296875 0.04375 0.0671875
1 0.028125 0.690625 0.04609375 0.09609375
0 0.03359375 0.63984375 0.03828125 0.065625
1 0.0796875 0.80390625 0.02890625 0.0921875
0 0.0671875 0.796875 0.02109375 0.0859375
1 0.93203125 0.56875 0.0453125 0.08515625
0 0.9453125 0.55546875 0.0375 0.065625
1 0.9578125 0.67109375 0.0515625 0.0796875
0 0.95390625 0.63671875 0.0421875 0.06015625
1 0.965625 0.78203125 0.053125 0.08984375
0 0.96328125 0.734375 0.04765625 0.065625