1 0.06953125 0.44453125 0.05625 0.0921875
1 0.9484375 0.59609375 0.0578125 0.0859375
0 0.9484375 0.5609375 0.0484375 0.0703125
1 0.9578125 0.7234375 0.053125 0.0984375
0 0.95546875 0.671875 0.0421875 0.06875
1 0.8984375 0.8328125 0.0359375 0.09375
0 0.9109375 0.8265625 0.0265625 0.0875
1 0.0640625 0.53828125 0.0515625 0.0875
0 0.0515625 0.52421875 0.0421875 0.06875
1 0.03125 0.6390625 0.05625 0.0828125
0 0.0375 0.6046875 0.046875 0.0625
1 0.02265625 0.7484375 0.0453125 0.09375
0 0.0234375 0.7015625 0.046875 0.06875