1 0.06640625 0.5203125 0.059375 0.09375
1 0.9578125 0.5171875 0.059375 0.0875
0 0.95234375 0.48203125 0.05 0.071875
1 0.98046875 0.640625 0.0390625 0.1
0 0.97734375 0.590625 0.0453125 0.06875
1 0.95 0.75859375 0.0390625 0.0953125
0 0.96171875 0.75 0.0296875 0.0875
1 0.07734375 0.61328125 0.0546875 0.0890625
0 0.06328125 0.6015625 0.04375 0.06875
1 0.0625 0.71796875 0.059375 0.084375
0 0.0625 0.68359375 0.0484375 0.0640625
1 0.06640625 0.82890625 0.0625 0.0953125
0 0.0640625 0.78125 0.0546875 0.0703125